2,84
2,83
2,82
2,81
2,80
2,79
2,78
2,77
2,76
2,75
2,74
2,73
2,72
2,71
2,70
2,69
2,68
2,67
2,66
2,65
2,64
2,35
2,34
2,33
2,32
2,31
2,30
2,29
2,28
2,27
2,26
2,25
2,24
2,23
2,22
2,21
2,20
2,19
2,18
2,17
2,16
2,15
2,14
2,13
2,12
2,11
2,10
2,9
2,8
2,7
2,6
2,5
2,4
2,3
2,2
1,8
1,7
1,6
1,5
1,4
1,3
1,2
0,802
0,716
0,632
0,617
0,606
0,573
0,558
0,523
0,512
0,501
0,496
0,495
0,490
0,484
0,479
0,472
0,454
0,453
0,452
0,451
0,449
0,448
0,447
0,446
0,445
0,440
0,428
0,366
0,343
0,243
0,9
0,0
0,1
0,612
0,524
0,493
0,511
0,510
0,509
0,444
0,400
0,450
0,615
0,616
0,631
0,545
0,547
0,572
0,460
0,300
0,487
0,299
0,382
0,298
0,380
0,297
0,502
0,296
0,367
0,295
0,476
0,294
0,354
0,293
0,465
0,292
0,358
0,291
0,473
0,290
0,486
0,289
0,500
0,288
0,375
0,287
0,525
0,286
0,485
0,285
0,328
0,284
0,339
0,283
0,494
0,282
0,334
0,281
0,513
0,280
0,369
0,279
0,379
0,278
0,338
0,277
0,483
0,276
0,471
0,275
0,337
0,274
0,336
0,273
0,470
0,272
0,353
0,271
0,356
0,270
0,467
2,85
2,86
2,89
2,92
2,96
2,98
2,102
2,106
2,109
2,112
2,113
2,118
2,123
2,124
3,2
3,4
3,6
4,3
5,1
5,5
5,6
5,9
6,0
6,3
6,6
6,7
6,12
6,14
6,16
6,18
7,0
7,3
8,0
9,0
9,1
9,4
10,1
10,3
11,1
12,0
13,0
13,1
14,1
14,7
15,1
16,0
16,1
17,0
17,4
18,0
19,0
19,1
20,0
21,0
21,1
22,1
22,3
23,0
23,1
23,5
24,1
24,5
25,3
26,0
26,3
27,3
28,0
28,3
29,1
30,0
30,1
31,1
32,0
32,3
33,0
33,1
34,1
35,0
35,1
36,1
37,0
37,3
37,5
38,3
39,1
39,3
40,3
41,0
41,3
42,2
42,3
42,7
43,1
43,6
44,3
44,4
45,1
46,0
46,3
47,0
48,0
48,3
49,0
50,0
50,1
51,1
52,0
52,1
53,1
53,3
54,1
54,3
55,3
56,1
57,0
57,4
57,5
58,3
59,1
59,4
59,7
60,0
60,3
61,0
62,0
62,3
63,0
64,0
64,3
64,8
65,1
65,3
65,37
65,49
66,1
66,3
67,1
68,0
68,1
69,1
69,3
70,3
71,1
71,3
72,3
73,0
74,0
74,3
75,0
76,0
76,1
77,1
77,3
78,1
79,1
79,3
80,1
80,3
81,3
82,3
83,0
84,0
84,1
85,1
85,3
86,3
87,1
87,3
88,3
89,0
90,0
90,3
91,0
92,0
92,1
93,1
93,3
94,1
95,1
95,3
96,3
97,0
97,3
98,3
99,0
99,3
100,0
101,0
102,0
102,1
103,0
103,1
103,5
104,0
104,3
105,1
106,0
106,3
107,0
108,0
108,3
109,0
109,3
110,1
111,1
111,3
112,1
113,1
113,3
115,1
116,0
117,0
117,3
118,1
119,0
119,1
120,1
120,3
121,3
122,1
122,3
123,3
124,0
125,0
125,3
126,1
127,0
127,3
128,1
128,3
129,1
130,1
130,3
131,1
132,0
133,0
133,3
133,7
133,40
133,53
133,95
133,128
133,166
134,1
135,0
135,3
136,1
137,0
137,3
138,1
139,0
139,1
140,1
141,1
141,3
142,0
142,1
142,6
143,0
144,0
145,0
145,1
145,12
146,0
147,0
147,3
148,1
149,1
149,3
150,3
151,0
151,3
152,3
153,0
153,3
154,0
155,1
156,0
156,1
157,0
157,3
158,1
159,1
159,3
160,3
161,0
162,0
162,1
163,1
164,1
164,3
165,1
166,0
166,3
167,3
168,0
168,3
169,1
170,1
170,3
171,1
172,1
172,3
173,3
174,0
175,0
176,0
176,1
177,0
177,3
178,1
178,3
179,3
180,1
180,3
181,1
181,2
181,6
181,68
181,71
181,75
181,76
181,83
181,87
181,89
181,95
181,97
181,102
181,105
181,110
181,114
181,118
181,122
181,125
181,137
181,141
181,143
181,148
181,149
181,152
181,154
181,157
181,194
181,198
181,202
181,207
181,211
181,214
181,216
181,219
181,220
181,224
181,225
181,228
181,232
181,233
181,235
181,236
181,238
181,240
181,241
181,243
181,244
181,246
181,247
181,250
181,252
181,253
181,255
181,256
181,258
181,262
181,263
181,265
181,266
181,268
181,270
181,271
181,273
181,275
181,277
181,278
181,280
181,282
181,283
181,285
181,286
181,288
181,290
181,291
181,293
181,294
181,296
181,297
181,299
181,301
181,302
181,341
181,372
181,385
181,387
181,388
181,390
181,403
181,405
181,406
181,408
181,410
181,411
181,413
181,414
181,416
181,418
181,419
181,431
181,433
181,435
181,437
181,439
181,441
181,442
181,444
181,445
181,447
181,484
181,490
181,507
181,514
181,517
181,520
181,524
181,528
181,529
181,534
181,537
181,543
181,548
181,550
181,552
181,554
181,558
181,562
181,563
181,565
181,567
181,571
181,572
181,575
182,1
182,3
183,1
183,3
184,1
185,0
185,1
186,0
186,1
187,0
187,1
188,0
188,3
188,4
189,1
189,3
190,0
190,3
191,0
191,3
192,0
192,3
193,1
193,3
194,1
194,3
195,1
195,3
196,1
197,0
197,1
198,0
198,1
199,0
199,3
200,0
200,3
201,0
201,3
202,0
202,3
203,1
203,3
204,1
204,3
205,1
206,0
206,1
207,0
207,1
207,4
208,0
208,3
209,1
209,3
209,6
210,0
210,3
210,5
211,0
211,2
211,3
212,0
212,3
213,0
213,3
213,5
214,1
214,3
215,1
216,0
216,1
216,3
216,4
217,0
217,3
218,0
218,3
218,6
219,1
219,3
220,0
220,3
221,0
221,3
222,0
222,3
222,8
222,9
222,16
222,17
222,22
222,25
222,30
222,35
222,65
222,70
222,73
223,1
223,7
224,0
224,3
224,4
225,1
225,3
226,1
227,0
227,1
228,0
228,1
229,0
229,3
230,0
230,3
231,0
231,3
232,1
232,3
233,0
233,1
234,0
234,1
235,0
235,3
236,0
236,3
237,0
237,3
238,1
238,3
239,1
239,3
240,1
240,3
241,1
242,0
242,1
243,0
243,1
244,0
244,3
245,0
245,3
246,0
246,3
246,5
247,1
248,0
248,1
249,0
249,1
250,0
250,3
251,0
251,3
252,0
252,3
253,1
253,3
254,1
254,3
255,1
255,3
256,1
257,0
257,1
258,0
258,1
259,0
259,3
260,0
260,3
261,0
261,3
262,0
262,3
263,1
263,3
264,1
264,2
265,0
265,3
266,0
266,3
267,0
267,3
268,0
268,3
269,1
269,2
270,0
270,1
271,0
271,3
271,5
272,1
272,3
272,7
273,1
273,3
273,5
274,0
274,3
274,5
275,0
275,3
276,0
276,3
276,4
277,0
277,3
277,4
278,1
278,3
279,0
279,1
280,0
280,3
281,0
281,3
282,0
282,3
283,1
283,3
284,1
284,3
285,1
285,3
286,1
286,4
287,0
287,3
288,0
288,3
289,0
289,1
289,5
290,0
290,3
291,0
291,3
292,1
292,3
293,1
293,3
294,1
295,0
295,1
296,0
296,1
297,0
297,3
298,0
298,3
299,0
299,3
300,0
300,3
301,1
301,3
302,1
302,3
303,1
304,0
304,1
305,0
305,1
305,4
306,0
306,3
307,0
307,1
308,0
308,1
308,6
309,1
309,3
310,1
310,3
310,6
311,0
311,3
311,6
312,0
312,3
312,4
313,1
314,0
314,1
315,0
315,1
316,0
316,3
316,4
317,1
317,3
318,1
318,3
319,1
320,0
320,1
321,0
321,1
322,0
322,3
322,4
323,1
323,3
324,1
324,3
325,1
326,0
326,1
327,0
327,1
327,4
328,1
328,3
329,1
329,3
330,1
330,3
331,1
332,0
332,1
333,0
333,1
334,0
334,3
335,0
335,3
336,0
336,3
337,0
337,3
338,1
338,3
339,1
339,3
340,1
341,0
341,1
342,0
342,1
343,0
343,2
343,3
344,0
344,1
344,4
345,0
345,2
345,4
346,0
346,3
347,0
347,3
348,0
348,1
348,6
348,7
349,0
349,1
349,5
350,1
350,3
351,1
351,3
352,0
352,3
352,4
353,1
353,3
354,1
354,3
355,1
356,0
356,1
357,0
357,1
357,5
358,1
358,2
358,6
359,0
359,3
360,1
360,3
361,1
361,3
362,1
362,3
363,0
363,3
364,0
364,3
365,0
365,2
366,0
366,1
367,0
367,1
367,3
367,5
368,1
369,0
369,1
370,0
370,1
370,5
371,1
371,3
372,1
372,3
373,0
373,1
373,3
374,1
374,3
375,1
375,3
376,1
377,0
377,1
377,5
378,0
378,3
379,0
379,2
380,0
380,1
380,5
381,0
381,3
382,0
382,1
382,4
382,5
383,0
383,3
383,5
384,1
384,3
385,0
385,1
386,0
386,3
387,0
387,2
387,3
388,1
388,4
389,0
389,3
390,0
390,3
390,6
391,1
392,0
392,1
393,0
393,1
394,0
394,3
394,4
395,1
395,2
396,0
396,1
396,4
397,1
397,3
398,1
398,3
399,1
399,6
400,0
400,3
401,0
401,3
402,1
402,3
403,1
403,3
404,1
404,3
405,0
405,3
405,4
406,0
406,1
407,0
407,2
407,3
408,0
408,1
409,0
409,1
409,5
410,1
410,3
411,1
411,3
412,0
412,2
412,3
413,1
413,2
414,0
414,1
415,0
415,2
415,3
416,1
416,3
417,0
417,3
419,0
419,2
419,3
421,1
424,2
425,2
428,0
428,1
430,3
431,0
431,3
432,0
432,1
433,0
433,1
433,4
434,0
434,1
434,5
435,0
435,3
435,6
436,1
437,0
437,1
437,5
438,0
438,3
439,0
439,1
439,3
439,5
440,1
440,2
441,0
441,3
441,4
442,1
442,3
442,10
442,16
442,23
442,29
442,34
442,42
442,45
442,54
442,62
442,64
442,75
442,77
442,84
442,92
442,97
442,105
442,110
442,118
442,126
442,130
442,137
442,140
442,149
442,153
442,161
442,196
442,199
442,206
442,212
442,218
442,226
442,231
443,0
443,1
444,0
444,1
444,4
444,6
444,7
445,1
445,3
446,1
447,0
447,1
448,0
448,1
449,0
449,1
450,0
450,3
451,0
451,3
452,0
452,3
453,1
453,3
454,1
454,3
455,1
456,0
456,1
457,0
457,1
458,0
458,1
458,4
459,0
459,1
459,4
460,0
460,3
461,1
461,3
462,1
462,3
463,1
463,3
464,1
465,0
465,1
466,0
466,1
467,0
467,3
468,0
468,3
469,0
469,3
470,0
470,3
471,1
471,3
472,1
472,3
473,1
474,0
474,1
474,5
475,0
475,3
476,0
476,3
477,1
477,3
478,1
478,3
479,1
480,0
480,1
481,0
481,1
482,0
482,3
483,0
483,3
484,0
484,3
485,0
485,3
486,1
486,2
486,4
486,5
486,7
486,9
486,10
486,12
486,13
486,16
486,18
486,20
486,23
486,24
486,26
486,27
486,30
486,33
486,35
486,37
486,38
486,41
486,42
486,44
486,46
486,47
486,49
486,50
486,52
486,54
486,55
486,57
486,58
486,60
486,62
486,63
486,65
486,66
486,68
486,69
486,71
486,73
486,74
486,76
486,77
492,1
492,3
492,4
2,87
2,121
2,105
2,107
2,91
2,95
2,94
2,97
2,100
2,115
2,119
2,117
154,1
139,3
173,0
169,0
163,0
167,1
171,3
165,3
174,1
149,0
25,1
124,3
121,0
143,3
58,0
11,3
12,1
17,3
18,1
20,1
15,0
161,3
144,3
146,1
134,3
23,3
103,3
123,1
100,1
105,3
159,0
119,3
116,3
152,1
29,0
38,1
32,1
132,3
30,3
88,0
89,1
93,0
95,0
40,0
36,0
126,0
129,3
55,0
77,0
82,1
80,0
75,1
84,3
79,0
136,0
56,3
61,1
64,1
47,3
42,0
51,0
52,3
111,0
179,0
8,1
69,0
70,0
177,1
44,1
45,3
43,0
115,3
112,3
49,1
65,0
63,1
138,0
83,3
73,3
81,0
72,0
127,1
36,3
96,1
91,1
86,0
131,3
34,0
27,1
118,0
160,1
101,3
107,3
110,0
148,0
98,1
24,3
157,1
21,3
13,3
57,1
59,3
150,1
141,0
175,3
164,0
170,0
155,0
2,104
2,114
2,101
2,122
2,111
2,90
2,108
3,3
492,2
492,0
486,75
486,72
486,70
486,67
486,64
486,61
486,59
486,56
486,53
486,51
486,48
486,45
486,43
486,39
486,36
486,31
486,28
486,25
486,22
486,19
486,15
486,11
486,8
486,6
486,3
486,0
485,1
484,1
483,1
482,1
481,3
480,3
479,3
479,0
478,0
477,0
476,1
475,1
474,3
473,3
473,0
472,0
471,0
470,1
469,1
468,1
467,1
466,3
465,3
464,3
464,0
463,0
462,0
461,0
460,1
459,3
458,5
458,3
457,3
456,3
455,3
455,0
454,0
453,0
452,1
451,1
450,1
449,3
448,3
447,3
446,3
446,0
445,0
444,5
444,3
443,3
442,234
442,225
442,213
442,204
442,191
442,157
442,145
442,132
442,122
442,113
442,102
442,89
442,83
442,70
442,57
442,50
442,37
442,24
442,15
442,7
442,0
441,1
440,3
440,0
439,2
438,5
438,1
437,3
436,3
436,0
435,1
434,3
433,6
433,3
432,3
431,4
431,1
428,3
427,2
422,2
419,9
419,1
417,1
416,4
416,0
415,1
414,3
413,3
413,0
412,1
411,4
411,0
410,0
409,3
408,3
407,4
407,1
406,3
405,5
405,1
404,4
404,0
403,0
402,0
401,1
400,1
399,3
399,0
398,0
397,0
396,3
395,3
395,0
394,1
393,3
392,3
391,3
391,0
390,1
389,1
388,3
388,0
387,1
386,1
385,3
384,5
384,0
383,1
382,7
382,3
381,4
381,1
380,3
379,3
379,1
378,1
377,3
376,3
376,0
375,0
374,0
373,2
372,4
372,0
371,0
370,3
369,3
368,3
368,0
367,2
366,3
365,3
365,1
364,1
363,1
362,4
362,0
361,0
360,0
359,1
358,3
358,0
357,3
356,3
355,3
355,0
354,0
353,0
352,1
351,4
351,0
350,0
349,3
348,8
348,3
347,6
347,1
346,1
345,3
345,1
344,3
343,4
343,1
342,3
341,3
340,3
340,0
339,0
338,0
337,1
336,1
335,1
334,1
333,3
332,3
331,3
331,0
330,0
329,0
328,0
327,3
326,3
325,3
325,0
324,0
323,0
322,1
321,3
320,3
319,3
319,0
318,0
317,0
316,1
315,3
314,3
313,3
313,0
312,1
311,4
311,1
310,4
310,0
309,0
308,3
307,3
306,4
306,1
305,3
304,3
303,3
303,0
302,0
301,0
300,1
299,1
298,1
297,1
296,3
295,3
294,3
294,0
293,0
292,0
291,1
290,1
289,3
288,6
288,1
287,1
286,3
286,0
285,0
284,0
283,0
282,1
281,1
280,1
279,3
278,4
278,0
277,1
276,6
276,1
275,1
274,6
274,1
273,4
273,0
272,5
272,0
271,1
270,3
269,3
269,0
268,1
267,1
266,1
265,1
264,3
264,0
263,0
262,1
261,1
260,1
259,1
258,3
257,3
256,3
256,0
255,0
254,0
253,0
252,1
251,1
250,1
249,3
248,3
247,3
247,0
246,1
245,1
244,1
243,3
242,3
241,3
241,0
240,0
239,0
238,0
237,1
236,1
235,1
234,3
233,3
232,6
232,0
231,1
230,1
229,1
228,3
227,3
226,3
226,0
225,0
224,1
223,3
223,0
222,67
222,33
222,27
222,20
222,13
222,5
222,1
221,1
220,1
219,4
219,0
218,1
217,1
216,6
216,2
215,3
215,0
214,0
213,1
212,1
211,4
211,1
210,4
210,1
209,4
209,0
208,1
207,3
206,3
205,3
205,0
204,0
203,0
202,1
201,1
200,1
199,1
198,3
197,3
196,3
196,0
195,0
194,0
193,0
192,1
191,1
190,1
189,6
189,0
188,1
187,3
186,3
185,3
184,3
184,0
183,0
182,0
181,574
181,569
181,564
181,559
181,555
181,551
181,547
181,539
181,533
181,527
181,519
181,516
181,501
181,451
181,446
181,443
181,440
181,436
181,434
181,430
181,417
181,415
181,412
181,409
181,407
181,404
181,389
181,386
181,384
181,322
181,300
181,298
181,295
181,292
181,289
181,287
181,284
181,281
181,279
181,276
181,272
181,269
181,267
181,264
181,259
181,257
181,254
181,251
181,249
181,245
181,242
181,239
181,237
181,234
181,230
181,227
181,222
181,217
181,212
181,209
181,201
181,193
181,156
181,151
181,145
181,138
181,127
181,119
181,113
181,108
181,100
181,92
181,84
181,79
181,72
181,66
181,3
181,0
180,0
179,1
178,0
176,3
175,1
174,3
173,1
172,0
171,0
169,3
168,1
167,0
166,1
165,0
163,3
162,3
161,1
160,0
158,3
158,0
156,3
155,3
154,3
153,1
152,0
151,1
150,0
148,3
147,1
146,3
145,3
144,1
143,1
142,3
141,5
140,3
140,0
138,3
137,1
136,3
135,1
134,0
133,103
133,66
133,10
133,1
132,1
131,0
130,0
129,0
128,0
126,3
125,1
124,1
123,0
